
Graph 1, order 7.
0 0 0 0 0 1 1
0 0 0 0 0 1 1
0 0 0 0 0 1 1
0 0 0 0 0 1 1
0 0 0 0 0 1 1
1 1 1 1 1 0 1
1 1 1 1 1 1 0

Graph 2, order 7.
0 0 0 0 1 1 1
0 0 0 0 0 1 1
0 0 0 0 0 1 1
0 0 0 0 0 1 1
1 0 0 0 0 0 1
1 1 1 1 0 0 1
1 1 1 1 1 1 0

Graph 3, order 7.
0 0 0 0 1 1 1
0 0 0 0 0 1 1
0 0 0 0 0 1 1
0 0 0 0 0 0 1
1 0 0 0 0 1 1
1 1 1 0 1 0 1
1 1 1 1 1 1 0

Graph 4, order 7.
0 0 0 0 1 1 1
0 0 0 0 0 1 1
0 0 0 0 0 1 1
0 0 0 0 0 1 1
1 0 0 0 0 1 1
1 1 1 1 1 0 0
1 1 1 1 1 0 0

Graph 5, order 7.
0 0 0 0 1 1 1
0 0 0 0 1 1 1
0 0 0 0 0 1 1
0 0 0 0 0 0 1
1 1 0 0 0 0 1
1 1 1 0 0 0 1
1 1 1 1 1 1 0

Graph 6, order 7.
0 0 0 0 1 1 1
0 0 0 0 1 0 1
0 0 0 0 0 1 1
0 0 0 0 0 1 1
1 1 0 0 0 0 1
1 0 1 1 0 0 1
1 1 1 1 1 1 0

Graph 7, order 7.
0 0 0 0 1 1 1
0 0 0 0 1 1 1
0 0 0 0 0 0 1
0 0 0 0 0 0 1
1 1 0 0 0 1 1
1 1 0 0 1 0 1
1 1 1 1 1 1 0

Graph 8, order 7.
0 0 0 0 1 1 1
0 0 0 0 1 0 1
0 0 0 0 0 1 1
0 0 0 0 0 0 1
1 1 0 0 0 1 1
1 0 1 0 1 0 1
1 1 1 1 1 1 0

Graph 9, order 7.
0 0 0 0 1 0 1
0 0 0 0 1 0 1
0 0 0 0 0 1 1
0 0 0 0 0 1 1
1 1 0 0 0 1 1
0 0 1 1 1 0 1
1 1 1 1 1 1 0

Graph 10, order 7.
0 0 0 0 1 1 1
0 0 0 0 1 1 1
0 0 0 0 0 1 1
0 0 0 0 0 1 1
1 1 0 0 0 0 1
1 1 1 1 0 0 0
1 1 1 1 1 0 0

Graph 11, order 7.
0 0 0 0 1 1 1
0 0 0 0 1 1 1
0 0 0 0 0 1 1
0 0 0 0 0 1 1
1 1 0 0 0 0 0
1 1 1 1 0 0 1
1 1 1 1 0 1 0

Graph 12, order 7.
0 0 0 0 1 1 1
0 0 0 0 1 1 1
0 0 0 0 0 1 1
0 0 0 0 0 0 1
1 1 0 0 0 1 1
1 1 1 0 1 0 0
1 1 1 1 1 0 0

Graph 13, order 7.
0 0 0 0 1 1 1
0 0 0 0 1 1 1
0 0 0 0 0 1 1
0 0 0 0 0 0 1
1 1 0 0 0 1 0
1 1 1 0 1 0 1
1 1 1 1 0 1 0

Graph 14, order 7.
0 0 0 0 1 1 1
0 0 0 0 1 1 1
0 0 0 0 0 1 0
0 0 0 0 0 0 1
1 1 0 0 0 1 1
1 1 1 0 1 0 1
1 1 0 1 1 1 0

Graph 15, order 7.
0 0 0 0 1 1 1
0 0 0 0 1 0 1
0 0 0 0 0 1 1
0 0 0 0 0 1 1
1 1 0 0 0 1 1
1 0 1 1 1 0 0
1 1 1 1 1 0 0

Graph 16, order 7.
0 0 0 0 1 1 1
0 0 0 0 1 0 1
0 0 0 0 0 1 1
0 0 0 0 0 1 1
1 1 0 0 0 1 0
1 0 1 1 1 0 1
1 1 1 1 0 1 0

Graph 17, order 7.
0 0 0 0 1 1 1
0 0 0 0 1 0 1
0 0 0 0 0 1 1
0 0 0 0 0 1 0
1 1 0 0 0 1 1
1 0 1 1 1 0 1
1 1 1 0 1 1 0

Graph 18, order 7.
0 0 0 0 1 1 1
0 0 0 0 1 0 0
0 0 0 0 0 1 1
0 0 0 0 0 1 1
1 1 0 0 0 1 1
1 0 1 1 1 0 1
1 0 1 1 1 1 0

Graph 19, order 7.
0 0 0 0 1 1 0
0 0 0 0 1 0 1
0 0 0 0 0 1 1
0 0 0 0 0 1 1
1 1 0 0 0 1 1
1 0 1 1 1 0 1
0 1 1 1 1 1 0

Graph 20, order 7.
0 0 0 0 1 1 1
0 0 0 0 1 1 1
0 0 0 0 1 1 1
0 0 0 0 0 0 1
1 1 1 0 0 0 1
1 1 1 0 0 0 0
1 1 1 1 1 0 0

Graph 21, order 7.
0 0 0 0 1 1 1
0 0 0 0 1 1 1
0 0 0 0 1 1 0
0 0 0 0 0 0 1
1 1 1 0 0 0 1
1 1 1 0 0 0 1
1 1 0 1 1 1 0

Graph 22, order 7.
0 0 0 0 1 1 1
0 0 0 0 1 1 1
0 0 0 0 1 0 1
0 0 0 0 0 1 1
1 1 1 0 0 0 1
1 1 0 1 0 0 0
1 1 1 1 1 0 0

Graph 23, order 7.
0 0 0 0 1 1 1
0 0 0 0 1 1 1
0 0 0 0 1 0 1
0 0 0 0 0 1 0
1 1 1 0 0 0 1
1 1 0 1 0 0 1
1 1 1 0 1 1 0

Graph 24, order 7.
0 0 0 0 1 1 1
0 0 0 0 1 1 0
0 0 0 0 1 0 1
0 0 0 0 0 1 1
1 1 1 0 0 0 1
1 1 0 1 0 0 1
1 0 1 1 1 1 0

Graph 25, order 7.
0 0 0 0 1 1 1
0 0 0 0 1 1 1
0 0 0 0 1 1 1
0 0 0 0 0 1 1
1 1 1 0 0 0 0
1 1 1 1 0 0 0
1 1 1 1 0 0 0

Graph 26, order 7.
0 0 0 0 1 1 1
0 0 0 0 1 1 1
0 0 0 0 1 1 1
0 0 0 0 0 1 0
1 1 1 0 0 0 1
1 1 1 1 0 0 0
1 1 1 0 1 0 0

Graph 27, order 7.
0 0 0 0 1 1 1
0 0 0 0 1 1 1
0 0 0 0 1 1 0
0 0 0 0 0 1 1
1 1 1 0 0 0 1
1 1 1 1 0 0 0
1 1 0 1 1 0 0

Graph 28, order 7.
0 0 0 1 0 1 1
0 0 0 0 1 1 1
0 0 0 0 0 1 1
1 0 0 0 0 0 1
0 1 0 0 0 0 1
1 1 1 0 0 0 1
1 1 1 1 1 1 0

Graph 29, order 7.
0 0 0 1 0 1 1
0 0 0 0 1 1 1
0 0 0 0 0 0 1
1 0 0 0 0 1 1
0 1 0 0 0 0 1
1 1 0 1 0 0 1
1 1 1 1 1 1 0

Graph 30, order 7.
0 0 0 1 0 1 1
0 0 0 0 1 0 1
0 0 0 0 0 1 1
1 0 0 0 0 1 1
0 1 0 0 0 0 1
1 0 1 1 0 0 1
1 1 1 1 1 1 0

Graph 31, order 7.
0 0 0 1 0 1 1
0 0 0 0 1 1 1
0 0 0 0 0 1 1
1 0 0 0 0 1 1
0 1 0 0 0 0 1
1 1 1 1 0 0 0
1 1 1 1 1 0 0

Graph 32, order 7.
0 0 0 1 0 1 1
0 0 0 0 1 1 1
0 0 0 0 0 1 1
1 0 0 0 0 1 1
0 1 0 0 0 0 0
1 1 1 1 0 0 1
1 1 1 1 0 1 0

Graph 33, order 7.
0 0 0 1 0 1 1
0 0 0 0 1 1 1
0 0 0 0 0 1 1
1 0 0 0 0 1 0
0 1 0 0 0 0 1
1 1 1 1 0 0 1
1 1 1 0 1 1 0

Graph 34, order 7.
0 0 0 1 0 1 1
0 0 0 0 1 1 1
0 0 0 0 0 1 0
1 0 0 0 0 1 1
0 1 0 0 0 0 1
1 1 1 1 0 0 1
1 1 0 1 1 1 0

Graph 35, order 7.
0 0 0 1 0 1 1
0 0 0 0 1 1 0
0 0 0 0 0 1 1
1 0 0 0 0 1 1
0 1 0 0 0 0 1
1 1 1 1 0 0 1
1 0 1 1 1 1 0

Graph 36, order 7.
0 0 0 1 0 1 1
0 0 0 0 1 1 1
0 0 0 0 0 0 1
1 0 0 0 0 1 1
0 1 0 0 0 1 1
1 1 0 1 1 0 0
1 1 1 1 1 0 0

Graph 37, order 7.
0 0 0 1 1 0 1
0 0 0 0 1 1 1
0 0 0 0 0 1 1
1 0 0 0 0 0 1
1 1 0 0 0 0 1
0 1 1 0 0 0 1
1 1 1 1 1 1 0

Graph 38, order 7.
0 0 0 1 1 0 1
0 0 0 0 1 1 1
0 0 0 0 0 0 1
1 0 0 0 0 1 1
1 1 0 0 0 0 1
0 1 0 1 0 0 1
1 1 1 1 1 1 0

Graph 39, order 7.
0 0 0 1 1 1 1
0 0 0 0 1 1 1
0 0 0 0 0 1 1
1 0 0 0 0 0 1
1 1 0 0 0 0 1
1 1 1 0 0 0 0
1 1 1 1 1 0 0

Graph 40, order 7.
0 0 0 1 1 1 1
0 0 0 0 1 1 1
0 0 0 0 0 1 1
1 0 0 0 0 0 1
1 1 0 0 0 0 0
1 1 1 0 0 0 1
1 1 1 1 0 1 0

Graph 41, order 7.
0 0 0 1 1 1 1
0 0 0 0 1 1 1
0 0 0 0 0 1 1
1 0 0 0 0 0 0
1 1 0 0 0 0 1
1 1 1 0 0 0 1
1 1 1 0 1 1 0

Graph 42, order 7.
0 0 0 1 1 1 1
0 0 0 0 1 1 1
0 0 0 0 0 0 1
1 0 0 0 0 1 1
1 1 0 0 0 0 1
1 1 0 1 0 0 0
1 1 1 1 1 0 0

Graph 43, order 7.
0 0 0 1 1 1 1
0 0 0 0 1 1 1
0 0 0 0 0 0 1
1 0 0 0 0 1 1
1 1 0 0 0 0 0
1 1 0 1 0 0 1
1 1 1 1 0 1 0

Graph 44, order 7.
0 0 0 1 1 1 1
0 0 0 0 1 1 1
0 0 0 0 0 0 1
1 0 0 0 0 1 0
1 1 0 0 0 0 1
1 1 0 1 0 0 1
1 1 1 0 1 1 0

Graph 45, order 7.
0 0 0 1 1 0 1
0 0 0 0 1 1 1
0 0 0 0 0 1 1
1 0 0 0 0 1 1
1 1 0 0 0 0 1
0 1 1 1 0 0 0
1 1 1 1 1 0 0

Graph 46, order 7.
0 0 0 1 1 0 1
0 0 0 0 1 1 1
0 0 0 0 0 1 1
1 0 0 0 0 1 1
1 1 0 0 0 0 0
0 1 1 1 0 0 1
1 1 1 1 0 1 0

Graph 47, order 7.
0 0 0 1 1 0 1
0 0 0 0 1 1 1
0 0 0 0 0 1 1
1 0 0 0 0 1 0
1 1 0 0 0 0 1
0 1 1 1 0 0 1
1 1 1 0 1 1 0

Graph 48, order 7.
0 0 0 1 1 0 1
0 0 0 0 1 1 1
0 0 0 0 0 1 0
1 0 0 0 0 1 1
1 1 0 0 0 0 1
0 1 1 1 0 0 1
1 1 0 1 1 1 0

Graph 49, order 7.
0 0 0 1 1 1 1
0 0 0 0 1 1 1
0 0 0 0 0 0 1
1 0 0 0 0 0 1
1 1 0 0 0 1 1
1 1 0 0 1 0 0
1 1 1 1 1 0 0

Graph 50, order 7.
0 0 0 1 1 1 1
0 0 0 0 1 1 1
0 0 0 0 0 0 1
1 0 0 0 0 0 0
1 1 0 0 0 1 1
1 1 0 0 1 0 1
1 1 1 0 1 1 0

Graph 51, order 7.
0 0 0 1 1 1 1
0 0 0 0 1 1 0
0 0 0 0 0 0 1
1 0 0 0 0 0 1
1 1 0 0 0 1 1
1 1 0 0 1 0 1
1 0 1 1 1 1 0

Graph 52, order 7.
0 0 0 1 1 1 0
0 0 0 0 1 1 1
0 0 0 0 0 0 1
1 0 0 0 0 0 1
1 1 0 0 0 1 1
1 1 0 0 1 0 1
0 1 1 1 1 1 0

Graph 53, order 7.
0 0 0 1 1 1 1
0 0 0 0 1 0 1
0 0 0 0 0 1 1
1 0 0 0 0 0 1
1 1 0 0 0 1 1
1 0 1 0 1 0 0
1 1 1 1 1 0 0

Graph 54, order 7.
0 0 0 1 1 1 1
0 0 0 0 1 0 1
0 0 0 0 0 1 1
1 0 0 0 0 0 0
1 1 0 0 0 1 1
1 0 1 0 1 0 1
1 1 1 0 1 1 0

Graph 55, order 7.
0 0 0 1 1 1 0
0 0 0 0 1 1 1
0 0 0 0 0 1 1
1 0 0 0 0 1 1
1 1 0 0 0 0 1
1 1 1 1 0 0 0
0 1 1 1 1 0 0

Graph 56, order 7.
0 0 0 1 0 0 1
0 0 0 0 1 1 1
0 0 0 0 1 1 1
1 0 0 0 0 0 1
0 1 1 0 0 0 1
0 1 1 0 0 0 1
1 1 1 1 1 1 0

Graph 57, order 7.
0 0 0 1 0 1 1
0 0 0 0 1 1 1
0 0 0 0 1 1 1
1 0 0 0 0 0 1
0 1 1 0 0 0 1
1 1 1 0 0 0 0
1 1 1 1 1 0 0

Graph 58, order 7.
0 0 0 1 0 1 1
0 0 0 0 1 1 1
0 0 0 0 1 1 1
1 0 0 0 0 0 1
0 1 1 0 0 0 0
1 1 1 0 0 0 1
1 1 1 1 0 1 0

Graph 59, order 7.
0 0 0 1 0 1 1
0 0 0 0 1 1 1
0 0 0 0 1 1 1
1 0 0 0 0 0 0
0 1 1 0 0 0 1
1 1 1 0 0 0 1
1 1 1 0 1 1 0

Graph 60, order 7.
0 0 0 1 0 1 1
0 0 0 0 1 1 1
0 0 0 0 1 1 0
1 0 0 0 0 0 1
0 1 1 0 0 0 1
1 1 1 0 0 0 1
1 1 0 1 1 1 0

Graph 61, order 7.
0 0 0 1 0 1 0
0 0 0 0 1 1 1
0 0 0 0 1 1 1
1 0 0 0 0 0 1
0 1 1 0 0 0 1
1 1 1 0 0 0 1
0 1 1 1 1 1 0

Graph 62, order 7.
0 0 0 1 0 1 1
0 0 0 0 1 1 1
0 0 0 0 1 0 1
1 0 0 0 0 1 1
0 1 1 0 0 0 1
1 1 0 1 0 0 0
1 1 1 1 1 0 0

Graph 63, order 7.
0 0 0 1 0 1 1
0 0 0 0 1 1 1
0 0 0 0 1 0 1
1 0 0 0 0 1 1
0 1 1 0 0 0 0
1 1 0 1 0 0 1
1 1 1 1 0 1 0

Graph 64, order 7.
0 0 0 1 0 1 1
0 0 0 0 1 1 1
0 0 0 0 1 0 1
1 0 0 0 0 1 0
0 1 1 0 0 0 1
1 1 0 1 0 0 1
1 1 1 0 1 1 0

Graph 65, order 7.
0 0 0 1 0 1 1
0 0 0 0 1 1 1
0 0 0 0 1 0 0
1 0 0 0 0 1 1
0 1 1 0 0 0 1
1 1 0 1 0 0 1
1 1 0 1 1 1 0

Graph 66, order 7.
0 0 0 1 0 1 1
0 0 0 0 1 1 0
0 0 0 0 1 0 1
1 0 0 0 0 1 1
0 1 1 0 0 0 1
1 1 0 1 0 0 1
1 0 1 1 1 1 0

Graph 67, order 7.
0 0 0 1 0 1 1
0 0 0 0 1 1 1
0 0 0 0 1 0 1
1 0 0 0 0 0 1
0 1 1 0 0 1 1
1 1 0 0 1 0 0
1 1 1 1 1 0 0

Graph 68, order 7.
0 0 0 1 0 1 1
0 0 0 0 1 1 1
0 0 0 0 1 0 1
1 0 0 0 0 0 1
0 1 1 0 0 1 0
1 1 0 0 1 0 1
1 1 1 1 0 1 0

Graph 69, order 7.
0 0 0 1 0 1 1
0 0 0 0 1 1 1
0 0 0 0 1 0 1
1 0 0 0 0 0 0
0 1 1 0 0 1 1
1 1 0 0 1 0 1
1 1 1 0 1 1 0

Graph 70, order 7.
0 0 0 1 0 1 1
0 0 0 0 1 1 1
0 0 0 0 1 0 0
1 0 0 0 0 0 1
0 1 1 0 0 1 1
1 1 0 0 1 0 1
1 1 0 1 1 1 0

Graph 71, order 7.
0 0 0 1 0 1 1
0 0 0 0 1 1 0
0 0 0 0 1 0 1
1 0 0 0 0 0 1
0 1 1 0 0 1 1
1 1 0 0 1 0 1
1 0 1 1 1 1 0

Graph 72, order 7.
0 0 0 1 0 1 0
0 0 0 0 1 1 1
0 0 0 0 1 0 1
1 0 0 0 0 0 1
0 1 1 0 0 1 1
1 1 0 0 1 0 1
0 1 1 1 1 1 0

Graph 73, order 7.
0 0 0 1 0 0 1
0 0 0 0 1 1 1
0 0 0 0 1 1 1
1 0 0 0 0 0 1
0 1 1 0 0 1 1
0 1 1 0 1 0 0
1 1 1 1 1 0 0

Graph 74, order 7.
0 0 0 1 0 0 1
0 0 0 0 1 1 1
0 0 0 0 1 1 1
1 0 0 0 0 0 0
0 1 1 0 0 1 1
0 1 1 0 1 0 1
1 1 1 0 1 1 0

Graph 75, order 7.
0 0 0 1 0 0 1
0 0 0 0 1 1 1
0 0 0 0 1 1 0
1 0 0 0 0 0 1
0 1 1 0 0 1 1
0 1 1 0 1 0 1
1 1 0 1 1 1 0

Graph 76, order 7.
0 0 0 1 0 1 1
0 0 0 0 1 0 1
0 0 0 0 1 0 1
1 0 0 0 0 1 1
0 1 1 0 0 1 1
1 0 0 1 1 0 0
1 1 1 1 1 0 0

Graph 77, order 7.
0 0 0 1 0 1 1
0 0 0 0 1 0 1
0 0 0 0 1 0 1
1 0 0 0 0 1 1
0 1 1 0 0 1 0
1 0 0 1 1 0 1
1 1 1 1 0 1 0

Graph 78, order 7.
0 0 0 1 0 1 1
0 0 0 0 1 0 1
0 0 0 0 1 0 1
1 0 0 0 0 1 0
0 1 1 0 0 1 1
1 0 0 1 1 0 1
1 1 1 0 1 1 0

Graph 79, order 7.
0 0 0 1 0 1 1
0 0 0 0 1 0 1
0 0 0 0 1 0 0
1 0 0 0 0 1 1
0 1 1 0 0 1 1
1 0 0 1 1 0 1
1 1 0 1 1 1 0

Graph 80, order 7.
0 0 0 1 0 1 1
0 0 0 0 1 1 1
0 0 0 0 1 1 1
1 0 0 0 0 1 1
0 1 1 0 0 0 0
1 1 1 1 0 0 0
1 1 1 1 0 0 0

Graph 81, order 7.
0 0 0 1 0 1 1
0 0 0 0 1 1 1
0 0 0 0 1 1 1
1 0 0 0 0 0 1
0 1 1 0 0 1 0
1 1 1 0 1 0 0
1 1 1 1 0 0 0

Graph 82, order 7.
0 0 0 1 0 1 1
0 0 0 0 1 1 1
0 0 0 0 1 0 1
1 0 0 0 0 1 1
0 1 1 0 0 1 0
1 1 0 1 1 0 0
1 1 1 1 0 0 0

Graph 83, order 7.
0 0 0 1 1 0 1
0 0 0 0 0 1 1
0 0 0 0 0 1 1
1 0 0 0 1 0 1
1 0 0 1 0 0 1
0 1 1 0 0 0 1
1 1 1 1 1 1 0

Graph 84, order 7.
0 0 0 1 1 1 1
0 0 0 0 0 0 1
0 0 0 0 0 0 1
1 0 0 0 1 1 1
1 0 0 1 0 1 1
1 0 0 1 1 0 0
1 1 1 1 1 0 0

Graph 85, order 7.
0 0 0 1 1 1 1
0 0 0 0 1 1 1
0 0 0 0 1 1 1
1 0 0 0 0 0 1
1 1 1 0 0 0 0
1 1 1 0 0 0 0
1 1 1 1 0 0 0

Graph 86, order 7.
0 0 0 1 1 1 1
0 0 0 0 1 1 1
0 0 0 0 1 1 1
1 0 0 0 0 0 0
1 1 1 0 0 0 1
1 1 1 0 0 0 0
1 1 1 0 1 0 0

Graph 87, order 7.
0 0 0 1 1 1 0
0 0 0 0 1 1 1
0 0 0 0 1 1 1
1 0 0 0 0 0 1
1 1 1 0 0 0 1
1 1 1 0 0 0 0
0 1 1 1 1 0 0

Graph 88, order 7.
0 0 0 1 1 1 1
0 0 0 0 1 1 1
0 0 0 0 1 1 0
1 0 0 0 0 0 0
1 1 1 0 0 0 1
1 1 1 0 0 0 1
1 1 0 0 1 1 0

Graph 89, order 7.
0 0 0 1 1 1 0
0 0 0 0 1 1 1
0 0 0 0 1 1 1
1 0 0 0 0 0 0
1 1 1 0 0 0 1
1 1 1 0 0 0 1
0 1 1 0 1 1 0

Graph 90, order 7.
0 0 0 1 1 1 1
0 0 0 0 1 1 0
0 0 0 0 1 1 0
1 0 0 0 0 0 1
1 1 1 0 0 0 1
1 1 1 0 0 0 1
1 0 0 1 1 1 0

Graph 91, order 7.
0 0 0 1 1 1 0
0 0 0 0 1 1 1
0 0 0 0 1 1 0
1 0 0 0 0 0 1
1 1 1 0 0 0 1
1 1 1 0 0 0 1
0 1 0 1 1 1 0

Graph 92, order 7.
0 0 0 1 1 0 1
0 0 0 0 1 1 1
0 0 0 0 1 1 1
1 0 0 0 0 1 1
1 1 1 0 0 0 0
0 1 1 1 0 0 0
1 1 1 1 0 0 0

Graph 93, order 7.
0 0 0 1 1 0 1
0 0 0 0 1 1 1
0 0 0 0 1 1 1
1 0 0 0 0 1 0
1 1 1 0 0 0 1
0 1 1 1 0 0 0
1 1 1 0 1 0 0

Graph 94, order 7.
0 0 0 1 1 0 1
0 0 0 0 1 1 1
0 0 0 0 1 1 0
1 0 0 0 0 1 0
1 1 1 0 0 0 1
0 1 1 1 0 0 1
1 1 0 0 1 1 0

Graph 95, order 7.
0 0 0 1 1 0 0
0 0 0 0 1 1 1
0 0 0 0 1 1 1
1 0 0 0 0 1 0
1 1 1 0 0 0 1
0 1 1 1 0 0 1
0 1 1 0 1 1 0

Graph 96, order 7.
0 0 0 1 1 0 1
0 0 0 0 1 1 0
0 0 0 0 1 1 0
1 0 0 0 0 1 1
1 1 1 0 0 0 1
0 1 1 1 0 0 1
1 0 0 1 1 1 0

Graph 97, order 7.
0 0 0 1 1 1 1
0 0 0 0 1 1 1
0 0 0 0 0 1 1
1 0 0 0 1 0 0
1 1 0 1 0 0 1
1 1 1 0 0 0 0
1 1 1 0 1 0 0

Graph 98, order 7.
0 0 0 1 1 1 1
0 0 0 0 1 1 1
0 0 0 0 0 1 0
1 0 0 0 1 0 1
1 1 0 1 0 0 1
1 1 1 0 0 0 0
1 1 0 1 1 0 0

Graph 99, order 7.
0 0 0 1 1 1 1
0 0 0 0 1 1 0
0 0 0 0 0 1 1
1 0 0 0 1 0 1
1 1 0 1 0 0 1
1 1 1 0 0 0 0
1 0 1 1 1 0 0

Graph 100, order 7.
0 0 0 1 1 1 0
0 0 0 0 1 1 1
0 0 0 0 0 1 1
1 0 0 0 1 0 1
1 1 0 1 0 0 1
1 1 1 0 0 0 0
0 1 1 1 1 0 0

Graph 101, order 7.
0 0 0 1 1 1 1
0 0 0 0 1 1 1
0 0 0 0 0 1 1
1 0 0 0 1 0 0
1 1 0 1 0 0 0
1 1 1 0 0 0 1
1 1 1 0 0 1 0

Graph 102, order 7.
0 0 0 1 1 1 1
0 0 0 0 1 1 1
0 0 0 0 0 1 0
1 0 0 0 1 0 1
1 1 0 1 0 0 0
1 1 1 0 0 0 1
1 1 0 1 0 1 0

Graph 103, order 7.
0 0 0 1 1 1 1
0 0 0 0 1 1 0
0 0 0 0 0 1 1
1 0 0 0 1 0 1
1 1 0 1 0 0 0
1 1 1 0 0 0 1
1 0 1 1 0 1 0

Graph 104, order 7.
0 0 0 1 1 1 0
0 0 0 0 1 1 1
0 0 0 0 0 1 1
1 0 0 0 1 0 1
1 1 0 1 0 0 0
1 1 1 0 0 0 1
0 1 1 1 0 1 0

Graph 105, order 7.
0 0 0 1 1 1 1
0 0 0 0 1 1 0
0 0 0 0 0 1 1
1 0 0 0 1 0 0
1 1 0 1 0 0 1
1 1 1 0 0 0 1
1 0 1 0 1 1 0

Graph 106, order 7.
0 0 0 1 1 1 0
0 0 0 0 1 1 1
0 0 0 0 0 1 1
1 0 0 0 1 0 0
1 1 0 1 0 0 1
1 1 1 0 0 0 1
0 1 1 0 1 1 0

Graph 107, order 7.
0 0 0 1 1 1 1
0 0 0 0 1 1 0
0 0 0 0 0 1 0
1 0 0 0 1 0 1
1 1 0 1 0 0 1
1 1 1 0 0 0 1
1 0 0 1 1 1 0

Graph 108, order 7.
0 0 0 1 1 1 0
0 0 0 0 1 1 1
0 0 0 0 0 1 0
1 0 0 0 1 0 1
1 1 0 1 0 0 1
1 1 1 0 0 0 1
0 1 0 1 1 1 0

Graph 109, order 7.
0 0 0 1 1 1 0
0 0 0 0 1 1 0
0 0 0 0 0 1 1
1 0 0 0 1 0 1
1 1 0 1 0 0 1
1 1 1 0 0 0 1
0 0 1 1 1 1 0

Graph 110, order 7.
0 0 0 1 1 1 0
0 0 0 0 1 1 1
0 0 0 0 0 0 1
1 0 0 0 1 1 0
1 1 0 1 0 0 1
1 1 0 1 0 0 1
0 1 1 0 1 1 0

Graph 111, order 7.
0 0 0 1 1 1 1
0 0 0 0 1 0 0
0 0 0 0 0 1 1
1 0 0 0 1 1 1
1 1 0 1 0 0 1
1 0 1 1 0 0 0
1 0 1 1 1 0 0

Graph 112, order 7.
0 0 0 1 1 1 1
0 0 0 0 1 0 1
0 0 0 0 0 1 0
1 0 0 0 1 1 0
1 1 0 1 0 0 1
1 0 1 1 0 0 1
1 1 0 0 1 1 0

Graph 113, order 7.
0 0 0 1 1 1 0
0 0 0 0 1 0 1
0 0 0 0 0 1 1
1 0 0 0 1 1 0
1 1 0 1 0 0 1
1 0 1 1 0 0 1
0 1 1 0 1 1 0

Graph 114, order 7.
0 0 0 1 1 1 1
0 0 0 0 1 0 0
0 0 0 0 0 1 0
1 0 0 0 1 1 1
1 1 0 1 0 0 1
1 0 1 1 0 0 1
1 0 0 1 1 1 0

Graph 115, order 7.
0 0 0 1 1 0 1
0 0 0 1 0 1 1
0 0 0 0 1 1 1
1 1 0 0 0 0 1
1 0 1 0 0 0 1
0 1 1 0 0 0 0
1 1 1 1 1 0 0

Graph 116, order 7.
0 0 0 1 1 1 1
0 0 0 1 0 1 1
0 0 0 0 1 1 1
1 1 0 0 0 0 1
1 0 1 0 0 0 0
1 1 1 0 0 0 0
1 1 1 1 0 0 0

Graph 117, order 7.
0 0 0 1 1 1 1
0 0 0 1 0 1 1
0 0 0 0 1 1 0
1 1 0 0 0 0 1
1 0 1 0 0 0 1
1 1 1 0 0 0 0
1 1 0 1 1 0 0

Graph 118, order 7.
0 0 0 1 1 1 0
0 0 0 1 0 1 1
0 0 0 0 1 1 1
1 1 0 0 0 0 1
1 0 1 0 0 0 1
1 1 1 0 0 0 0
0 1 1 1 1 0 0

Graph 119, order 7.
0 0 0 1 1 1 1
0 0 0 1 0 1 1
0 0 0 0 1 1 1
1 1 0 0 0 0 0
1 0 1 0 0 0 0
1 1 1 0 0 0 1
1 1 1 0 0 1 0

Graph 120, order 7.
0 0 0 1 1 1 1
0 0 0 1 0 1 1
0 0 0 0 1 1 0
1 1 0 0 0 0 1
1 0 1 0 0 0 0
1 1 1 0 0 0 1
1 1 0 1 0 1 0

Graph 121, order 7.
0 0 0 1 1 1 1
0 0 0 1 0 1 0
0 0 0 0 1 1 1
1 1 0 0 0 0 1
1 0 1 0 0 0 0
1 1 1 0 0 0 1
1 0 1 1 0 1 0

Graph 122, order 7.
0 0 0 1 1 1 0
0 0 0 1 0 0 1
0 0 0 0 1 1 1
1 1 0 0 0 1 1
1 0 1 0 0 0 1
1 0 1 1 0 0 0
0 1 1 1 1 0 0

Graph 123, order 7.
0 0 0 1 1 1 1
0 0 0 1 0 0 0
0 0 0 0 1 1 1
1 1 0 0 0 1 0
1 0 1 0 0 0 1
1 0 1 1 0 0 1
1 0 1 0 1 1 0

Graph 124, order 7.
0 0 0 1 1 0 1
0 0 0 1 0 1 1
0 0 0 0 1 1 1
1 1 0 0 0 1 0
1 0 1 0 0 0 1
0 1 1 1 0 0 0
1 1 1 0 1 0 0

Graph 125, order 7.
0 0 0 1 1 0 1
0 0 0 1 0 1 1
0 0 0 0 1 1 0
1 1 0 0 0 1 1
1 0 1 0 0 0 1
0 1 1 1 0 0 0
1 1 0 1 1 0 0

Graph 126, order 7.
0 0 0 1 1 0 1
0 0 0 1 0 1 0
0 0 0 0 1 1 1
1 1 0 0 0 1 1
1 0 1 0 0 0 1
0 1 1 1 0 0 0
1 0 1 1 1 0 0

Graph 127, order 7.
0 0 0 1 1 0 0
0 0 0 1 0 1 1
0 0 0 0 1 1 1
1 1 0 0 0 1 1
1 0 1 0 0 0 1
0 1 1 1 0 0 0
0 1 1 1 1 0 0

Graph 128, order 7.
0 0 0 1 1 0 1
0 0 0 1 0 1 0
0 0 0 0 1 1 1
1 1 0 0 0 1 1
1 0 1 0 0 0 0
0 1 1 1 0 0 1
1 0 1 1 0 1 0

Graph 129, order 7.
0 0 1 0 1 0 1
0 0 0 1 0 1 1
1 0 0 0 1 0 1
0 1 0 0 0 1 1
1 0 1 0 0 0 1
0 1 0 1 0 0 0
1 1 1 1 1 0 0

Graph 130, order 7.
0 0 1 0 1 1 1
0 0 0 1 0 1 0
1 0 0 0 1 1 1
0 1 0 0 0 0 1
1 0 1 0 0 0 1
1 1 1 0 0 0 0
1 0 1 1 1 0 0

Graph 131, order 7.
0 0 1 0 1 1 1
0 0 0 1 0 1 1
1 0 0 0 1 1 1
0 1 0 0 0 0 0
1 0 1 0 0 0 0
1 1 1 0 0 0 1
1 1 1 0 0 1 0

Graph 132, order 7.
0 0 1 0 1 1 1
0 0 0 1 0 1 0
1 0 0 0 1 1 1
0 1 0 0 0 0 1
1 0 1 0 0 0 0
1 1 1 0 0 0 1
1 0 1 1 0 1 0

Graph 133, order 7.
0 0 1 0 1 1 1
0 0 0 1 0 1 1
1 0 0 0 1 0 1
0 1 0 0 0 1 1
1 0 1 0 0 0 0
1 1 0 1 0 0 0
1 1 1 1 0 0 0

Graph 134, order 7.
0 0 1 0 1 1 1
0 0 0 1 0 1 1
1 0 0 0 1 0 1
0 1 0 0 0 1 0
1 0 1 0 0 0 1
1 1 0 1 0 0 0
1 1 1 0 1 0 0

Graph 135, order 7.
0 0 1 0 1 1 0
0 0 0 1 0 1 1
1 0 0 0 1 0 1
0 1 0 0 0 1 1
1 0 1 0 0 0 1
1 1 0 1 0 0 0
0 1 1 1 1 0 0

Graph 136, order 7.
0 0 1 0 1 1 1
0 0 0 1 0 1 1
1 0 0 0 1 0 1
0 1 0 0 0 1 0
1 0 1 0 0 0 0
1 1 0 1 0 0 1
1 1 1 0 0 1 0

Graph 137, order 7.
0 0 1 0 1 1 1
0 0 0 1 0 1 1
1 0 0 0 1 0 0
0 1 0 0 0 1 1
1 0 1 0 0 0 0
1 1 0 1 0 0 1
1 1 0 1 0 1 0

Graph 138, order 7.
0 0 1 0 1 1 1
0 0 0 1 0 0 1
1 0 0 0 1 1 1
0 1 0 0 0 0 0
1 0 1 0 0 1 1
1 0 1 0 1 0 0
1 1 1 0 1 0 0
